*** Output file from program Haz42-Post ***
*** Version 1.0 ***

Input filename:

Number of hazard levels =       11

Hazard Levels:
AEP         RP (yr)
1.00000E-02 100.000
4.50000E-03 222.222
2.00000E-03 500.000
1.00000E-03 1000.000
2.50000E-04 4000.000
1.00000E-04 10000.000
4.00000E-05 25000.000
6.00000E-06 166666.667
1.00000E-06 1000000.000
1.00000E-07 10000000.000
1.00000E-08 100000000.000

Number of Spectral Periods =       14

Period (sec)    Curve Number     Filename
   0.010               1           DCPP_run_all_12x.out3
   0.050               2           DCPP_run_all_12x.out3
   0.075               3           DCPP_run_all_12x.out3
   0.100               4           DCPP_run_all_12x.out3
   0.150               5           DCPP_run_all_12x.out3
   0.200               6           DCPP_run_all_12x.out3
   0.250               7           DCPP_run_all_12x.out3
   0.300               8           DCPP_run_all_12x.out3
   0.400               9           DCPP_run_all_12x.out3
   0.500              10           DCPP_run_all_12x.out3
   0.750              11           DCPP_run_all_12x.out3
   1.000              12           DCPP_run_all_12x.out3
   1.500              13           DCPP_run_all_12x.out3
   2.000              14           DCPP_run_all_12x.out3

Testing Levels   :      0.01 0.0045 0.002 0.001 0.00025 0.0001 4e-05 6e-06 1e-06 1e-07 1e-08 
Return Period(yr):      100 222.222 500 1000 4000 10000 25000 166667 1e+06 1e+07 1e+08 
Period (sec)
 1   0.010  0.436397 0.562917 0.711102 0.854534 1.191755 1.455136 1.753973 2.500273 3.387997 4.843624 6.732005 
 2   0.050  0.520576 0.670909 0.846970 1.017310 1.417903 1.730731 2.086103 2.973839 4.030805 5.767747 8.027521 
 3   0.075  0.544328 0.701341 0.885252 1.063169 1.481627 1.808398 2.179726 3.107482 4.212570 6.029435 8.394878 
 4   0.100  0.629146 0.813974 1.030528 1.240130 1.732744 2.117265 2.553316 3.641050 4.932604 7.044976 9.776702 
 5   0.150  0.685676 0.891021 1.131722 1.364822 1.912746 2.340361 2.825173 4.033442 5.465896 7.803085 10.816798 
 6   0.200  0.731344 0.953273 1.213777 1.466055 2.059437 2.522487 3.047832 4.356769 5.907965 8.437806 11.697058 
 7   0.250  0.688412 0.899489 1.147281 1.387454 1.952477 2.393651 2.894078 4.141477 5.620303 8.032024 11.137849 
 8   0.300  0.655928 0.858648 1.096792 1.327735 1.871176 2.295705 2.777231 3.978135 5.402427 7.725594 10.716517 
 9   0.400  0.595609 0.782025 1.001427 1.214273 1.715527 2.107326 2.551981 3.661690 4.978827 7.128480 9.894727 
10   0.500  0.550864 0.724964 0.930063 1.129041 1.598041 1.964726 2.381285 3.421230 4.656332 6.673439 9.269033 
11   0.750  0.379569 0.501531 0.645400 0.785123 1.114829 1.372928 1.666335 2.399815 3.272210 4.698781 6.536195 
12   1.000  0.275207 0.364666 0.470284 0.572972 0.815454 1.005492 1.221574 1.762398 2.406387 3.460462 4.819157 
13   1.500  0.178039 0.239349 0.313032 0.385752 0.560770 0.700456 0.861415 1.271853 1.771161 2.606351 3.707063 
14   2.000  0.127004 0.173024 0.229264 0.285591 0.423669 0.535845 0.666845 1.007086 1.429894 2.152583 3.126181 

Median:
 1   0.010  ***	***	***	***	***	***	***	***	***	***
 2   0.050  ***	***	***	***	***	***	***	***	***	***
 3   0.075  ***	***	***	***	***	***	***	***	***	***
 4   0.100  ***	***	***	***	***	***	***	***	***	***
 5   0.150  ***	***	***	***	***	***	***	***	***	***
 6   0.200  ***	***	***	***	***	***	***	***	***	***
 7   0.250  ***	***	***	***	***	***	***	***	***	***
 8   0.300  ***	***	***	***	***	***	***	***	***	***
 9   0.400  ***	***	***	***	***	***	***	***	***	***
10   0.500  ***	***	***	***	***	***	***	***	***	***
11   0.750  ***	***	***	***	***	***	***	***	***	***
12   1.000  ***	***	***	***	***	***	***	***	***	***
13   1.500  ***	***	***	***	***	***	***	***	***	***
14   2.000  ***	***	***	***	***	***	***	***	***	***

Sigma:
 1   0.010  0.606797 0.597939 0.589080 0.589080 0.580222 0.580222 0.575793 0.575793 0.575793 0.575793 0.575793 
 2   0.050  0.625086 0.615961 0.606835 0.606835 0.597710 0.597710 0.593147 0.593147 0.593147 0.593147 0.593147 
 3   0.075  0.640902 0.631546 0.622190 0.622190 0.612833 0.612833 0.608155 0.608155 0.608155 0.608155 0.608155 
 4   0.100  0.656795 0.647206 0.637618 0.637618 0.628030 0.628030 0.623236 0.623236 0.623236 0.623236 0.623236 
 5   0.150  0.632483 0.623250 0.614017 0.614017 0.604783 0.604783 0.600167 0.600167 0.600167 0.600167 0.600167 
 6   0.200  0.621971 0.612891 0.603811 0.603811 0.594731 0.594731 0.590191 0.590191 0.590191 0.590191 0.590191 
 7   0.250  0.592036 0.583393 0.574750 0.574750 0.566108 0.566108 0.561786 0.561786 0.561786 0.561786 0.561786 
 8   0.300  0.565656 0.557398 0.549140 0.549140 0.540882 0.540882 0.536754 0.536754 0.536754 0.536754 0.536754 
 9   0.400  0.533628 0.525838 0.518048 0.518048 0.510258 0.510258 0.506363 0.506363 0.506363 0.506363 0.506363 
10   0.500  0.448382 0.441836 0.435290 0.435290 0.428744 0.428744 0.425472 0.425472 0.425472 0.425472 0.425472 
11   0.750  0.292860 0.288584 0.284309 0.284309 0.280034 0.280034 0.277896 0.277896 0.277896 0.277896 0.277896 
12   1.000  0.000000 0.000000 0.000000 0.000000 0.000000 0.000000 0.000000 0.000000 0.000000 0.000000 0.000000 
13   1.500  0.350464 0.345696 0.340928 0.340928 0.336159 0.336159 0.333775 0.333775 0.333775 0.333775 0.333775 
14   2.000  0.494158 0.487863 0.481568 0.481568 0.475273 0.475273 0.472125 0.472125 0.472125 0.472125 0.472125 

Rho:
 1   0.010  0.464000 0.464000 0.464000 0.464000 0.464000 0.464000 0.464000 0.464000 0.464000 0.464000 0.464000 
 2   0.050  0.409000 0.409000 0.409000 0.409000 0.409000 0.409000 0.409000 0.409000 0.409000 0.409000 0.409000 
 3   0.075  0.353000 0.353000 0.353000 0.353000 0.353000 0.353000 0.353000 0.353000 0.353000 0.353000 0.353000 
 4   0.100  0.284000 0.284000 0.284000 0.284000 0.284000 0.284000 0.284000 0.284000 0.284000 0.284000 0.284000 
 5   0.150  0.384000 0.384000 0.384000 0.384000 0.384000 0.384000 0.384000 0.384000 0.384000 0.384000 0.384000 
 6   0.200  0.419000 0.419000 0.419000 0.419000 0.419000 0.419000 0.419000 0.419000 0.419000 0.419000 0.419000 
 7   0.250  0.503000 0.503000 0.503000 0.503000 0.503000 0.503000 0.503000 0.503000 0.503000 0.503000 0.503000 
 8   0.300  0.564000 0.564000 0.564000 0.564000 0.564000 0.564000 0.564000 0.564000 0.564000 0.564000 0.564000 
 9   0.400  0.627000 0.627000 0.627000 0.627000 0.627000 0.627000 0.627000 0.627000 0.627000 0.627000 0.627000 
10   0.500  0.756000 0.756000 0.756000 0.756000 0.756000 0.756000 0.756000 0.756000 0.756000 0.756000 0.756000 
11   0.750  0.904000 0.904000 0.904000 0.904000 0.904000 0.904000 0.904000 0.904000 0.904000 0.904000 0.904000 
12   1.000  1.000000 1.000000 1.000000 1.000000 1.000000 1.000000 1.000000 1.000000 1.000000 1.000000 1.000000 
13   1.500  0.879000 0.879000 0.879000 0.879000 0.879000 0.879000 0.879000 0.879000 0.879000 0.879000 0.879000 
14   2.000  0.777000 0.777000 0.777000 0.777000 0.777000 0.777000 0.777000 0.777000 0.777000 0.777000 0.777000 



